#times :
1605
1635
1603
1631
1671
1691
1608
9653
9694
9596
9623
10011
9955
9969
88842
88764
92305
91957
93325
91259
91799
447427
440526
441096
3867973
477552
478251
480414
1826
1871
1802
1832
1833
1809
1879
11528
11312
11136
11099
11197
11218
11189
103979
102877
104014
101920
103318
100060
100766
498051
495494
513126
502237
500126
510085
506527
1842
1849
1879
1874
1877
1876
1861
11724
11793
11776
11712
11998
11636
11748
108855
109217
108750
111828
106798
106441
106930
554874
553508
539058
521799
520710
527581
520761